.Random.seed <-
c(403L, 504L, 1936432303L, -1987668877L, -1530563163L, 228189596L, 
-430437097L, -359068292L, 1737238156L, 1527219678L, -538959081L, 
-404662354L, 279176691L, -1515319925L, -1386476330L, -1767741085L, 
-1686605957L, -843044601L, -15572513L, 1847191115L, 1645772463L, 
1321852332L, -2118694220L, 2008751071L, -841697952L, -98481005L, 
96739966L, -330557559L, -773641725L, -2135967232L, 607368216L, 
-2044138293L, -312071985L, 423055047L, 1757949911L, 79398332L, 
-1215053994L, -162737337L, -851229116L, 669339627L, 1214536351L, 
526913343L, 1999686806L, -126783505L, -1507037232L, 1732039598L, 
1814331527L, 273750308L, 1929658416L, -108348958L, -1179411128L, 
-2062952548L, 231651508L, -809830377L, 1433014773L, 1381326402L, 
-758038113L, 1613607624L, -1769260511L, -733584110L, 1159594892L, 
1383013199L, 1697822225L, -1884010636L, -2025723632L, -1358834266L, 
-2060569828L, 416919745L, 882250183L, 234980738L, 1312765073L, 
-619192654L, -1932914190L, 1697610108L, -821387243L, -2109534264L, 
2084823029L, 639979997L, -1641183120L, -538995699L, -367118895L, 
-438130199L, 1587582745L, 1397144317L, 1765383989L, 450576358L, 
-1295713294L, -1712406755L, 1803492702L, 1969712577L, -767694488L, 
-530667241L, 237058757L, -354469474L, 853843566L, 2032626929L, 
82108125L, -1007752331L, 383834713L, 2120489590L, 245045476L, 
-1945551871L, 879839218L, 856339557L, -599345727L, -217105495L, 
137343128L, 359095845L, 572524694L, 171958124L, 1975569365L, 
163848074L, -2099133158L, -72870960L, 1130136486L, -129671366L, 
1730318718L, -1234468547L, 176864487L, 896014236L, -31188279L, 
-1084951462L, -213167441L, -821269836L, -262907726L, -2016376767L, 
-1959093053L, -54397130L, 412847706L, -1693072768L, 1220211410L, 
-1309756889L, -410367263L, 553604680L, 2142979115L, -179207464L, 
1415670408L, 1633259010L, -475977173L, 1714512362L, 978578663L, 
-2043676673L, -1705658438L, -1104925473L, -1300618369L, -2017444117L, 
-1579600925L, 398276863L, -1783507533L, 1064359784L, -144609592L, 
1190616243L, 1840345804L, -791984969L, -381906038L, -780878755L, 
-1347320081L, 1899540588L, 544426484L, -2142355633L, -209290397L, 
1376979499L, 1884190987L, 2096061472L, -1545332702L, 741063451L, 
-1931050216L, -898013369L, 1941057579L, 527014003L, 359910594L, 
-860116477L, -154724332L, 1477313570L, 790967723L, 571055200L, 
1980028100L, 12413462L, -1124940908L, -1323581488L, -1499755640L, 
313440411L, -2068636087L, -1330635762L, 583100995L, -6176332L, 
1591625717L, -1346018930L, 790731520L, 1630458715L, -2129832227L, 
979545640L, -1086759236L, -1336726566L, -116795872L, -1680706387L, 
-1852934789L, -1700369082L, -212960691L, -103375930L, -105399034L, 
-1446486776L, 1737011713L, -1567910548L, 1607384865L, 1067860841L, 
2025281020L, 1571609457L, -548278899L, 1063499237L, 1522984837L, 
980807689L, 625722817L, -1911906374L, -1013838290L, 1918251657L, 
-1491420510L, 1787178861L, -1396566308L, -243516301L, -1943763799L, 
-487911502L, 928852674L, 1041863437L, 1813294921L, -2048022451L, 
183140944L, 142352795L, -1050950381L, 924969245L, 132119498L, 
-1240854956L, 2027824167L, 669380167L, 1612635216L, -1247458315L, 
-807725998L, -1867129581L, 2141089323L, 1767972841L, 305657788L, 
395504113L, 47066137L, -983608425L, 800406546L, 1828672508L, 
221528598L, -1860707892L, -1795698848L, -1332149464L, 457093817L, 
-375116255L, -1067856028L, -1459544374L, -1499567417L, 1404567728L, 
-1798698580L, 1661323570L, -1766429014L, 2005086545L, 332876170L, 
191183454L, -2122093894L, -989944028L, -1440420173L, 1577731209L, 
-812830418L, -1974292797L, -175925724L, 875936375L, 1989034859L, 
-1176587407L, -119159598L, -1202657131L, -1651711087L, 1587408263L, 
1177289748L, 1304643212L, -421161064L, -595487926L, 2139371252L, 
22788214L, 701234947L, 2133839554L, 1319117189L, -1167425084L, 
785084828L, -1495079104L, 1543673463L, -54127577L, 523141472L, 
638818633L, 1026894974L, -1850234368L, -586794660L, -306780989L, 
-943949116L, -1782187907L, 1957243794L, -1772328731L, -1105378156L, 
1004060718L, -166619811L, 686517494L, -710997542L, -2060952855L, 
-174356070L, -635436386L, -1508854679L, -125230707L, 421854355L, 
1832241588L, 838718484L, -1157583189L, -1507521256L, -1844876924L, 
861922091L, -2003905090L, 1128558984L, -1800546694L, -1957036499L, 
-1490976975L, -1659841962L, -1131973523L, 1413081448L, 890020000L, 
-1864225578L, -1854207423L, 750428274L, -973777455L, -32831286L, 
-1868770211L, 347762056L, -1863931284L, 1884820999L, 1603730112L, 
-1565072466L, 2059336283L, 63450444L, -1738231516L, -499486103L, 
-1752131869L, -937425505L, 890350408L, -784535306L, 1685253663L, 
1349378016L, 1475452570L, -280872783L, -433636140L, 1653793300L, 
1323143668L, -1061922141L, 1725247191L, 123305380L, -1413454343L, 
1926853282L, 1954424784L, 365954580L, 2133943475L, -989440408L, 
-181986599L, 63875246L, 1200358741L, -418708340L, 638621170L, 
147058893L, 624055434L, 666906962L, -1959002903L, -356461466L, 
-589121138L, -1360936543L, 1814483789L, 1287180763L, -386033588L, 
1925034332L, -1793253461L, 2104296560L, -293954536L, -864490269L, 
-1230100278L, 743474376L, 1974194362L, 119683589L, -1928466499L, 
542997342L, 802065501L, -901299088L, 1453250144L, -1823589198L, 
2083632805L, -1787812182L, 561270741L, 1700676438L, 1013886429L, 
-1704031848L, -1872680708L, -1064786437L, -1849163318L, -840482131L, 
-975892847L, -1940044458L, 1579826159L, 415263285L, -145622006L, 
782317574L, -226176504L, 895605363L, 1183618607L, 1343645472L, 
-1458749305L, -566517977L, -1452885061L, -911625653L, -807450730L, 
2108732424L, -961102451L, 1327967638L, 1777269466L, 323810110L, 
630598337L, -1664177231L, 1786750487L, 1614484409L, -1585673831L, 
-362890906L, -319545924L, 1246036922L, 1128582325L, 1968941726L, 
726316204L, -694878119L, -1351238865L, -2134931736L, -400007111L, 
2027048541L, 63046336L, -1374034630L, 666655500L, -2079970803L, 
1634291203L, -741635224L, 1690742577L, 384975441L, 601091473L, 
-1991099601L, 1149430204L, -1776857774L, 1337167539L, 298355016L, 
-68612626L, 805760476L, -848080892L, 1933310930L, 2081360078L, 
-254143377L, 15478353L, -139822717L, 1587256854L, -925270188L, 
1430069995L, 63414504L, -964359702L, 1764456742L, -249592449L, 
-766917591L, 1369883513L, 594389856L, 636940789L, 1960073127L, 
1764439816L, 1679153946L, -800879198L, 1018648364L, 256480426L, 
-1355735667L, -426764967L, -1117943702L, 1674696864L, -1873574229L, 
-848939843L, 1013163352L, 1990169496L, -1757968524L, 974004869L, 
451755395L, -1665703408L, -714657161L, -1332724928L, -512683198L, 
-1653853797L, -411586035L, -1636836640L, 950176523L, -1665127833L, 
-344429467L, -747287798L, 2121424230L, -1600399640L, -837724513L, 
-1330923290L, -1382470106L, 1591015319L, 1037753741L, 391926471L, 
1503084061L, -1828824903L, 1705133396L, -355476856L, -1819752517L, 
-863054153L, 776755892L, -782362478L, -1722054429L, -2073989391L, 
-263297591L, 939579052L, 1563882104L, 557854093L, 667689440L, 
-1308719965L, 1384215865L, 1870972220L, 1803484646L, 1599217473L, 
-36529634L, -1066693012L, 1479282072L, -2049558143L, -1755485261L, 
-73879793L, 506670186L, 1194213051L, 460778937L, 1287486490L, 
-444739988L, -848740136L, 1030595442L, 1805554124L, -1103474365L, 
980560567L, 590889512L, -515036846L, 2110345733L, -106974753L, 
-636828106L, 291945778L, -1093100758L, -268559045L, -35545619L, 
1749575038L, -2034485751L, -940558654L, 1255661248L, -893001559L, 
779378511L, -2136380842L, -1487385631L, 1953245169L, -1281097041L, 
815062172L, -566796480L, -39674018L, -566332031L, -1660739364L, 
1441143808L, 1851584457L, -875010778L, -373686289L, 60080920L, 
-1272257098L, -20868166L, -1952738672L, 552482828L, -721737526L, 
32411826L, 1941470627L, 906800953L, 360595703L, -627424130L, 
2054917459L, 1645713286L, -283636825L, -2105235883L, -1458675231L, 
-1711857198L, 132856273L, -1233237386L, 1554859859L, -1949288709L, 
82081023L, 67108928L, -139696918L, -40834025L, 675568511L, -840532389L, 
338161678L, -419763947L, -381577450L, 1785165123L, 990899168L, 
